0.0005648750509370299 0.0023
0.01283306686751708 0.014445454545454546
0.8148006409716041 1.7460044191919093
0.8457332269733905 2.033897146464642
1.2493414513905061 1.8740524747474652
0.9991202461145333 2.0585987373737265
0.3505411400177016 0.5562332828282817
0.24875298383168287 0.9156566919191925
0.5106039266619431 1.4747939393939353
0.624532408495455 1.3516940656565612
0.7567378323366462 1.5464751262626228
1.199591818311073 1.6558545815295829
0.46480402148783734 1.0236255050505079
0.9022841024227911 4.5016381313131255
0.4332963156179299 0.8401114898989909
1.2307787538311599 1.9751486363636295
0.10204534160651002 0.27202696608946586
0.859326179956914 2.046431313131305
1.1902778652910067 1.8969272474747356
0.0011575088552575902 0.004166666666666667
0.7623338727382563 1.7409069805194723
1.0229364045005793 2.0467321969696894
0.9328763954464813 2.5030259090908946
2.2351175775526526 3.6045457070707183
0.1802030359244229 0.40586212121212045
1.509562155721416 3.212586262626245
2.7023437345353263 4.96375277777806
0.9453281849144478 1.901562601010093
0.0015986353842990307 0.002882828282828283
0.4261221567779159 0.611886363636363
0.5070698163896069 1.1782895202020192
0.5346742323327219 1.3438026515151287
1.36411912679839 1.997830555555552
1.2817153988129029 3.4484347222221987
0.33708770698974916 0.648239646464646
0.534555670236992 1.2444133838383826
1.0263768137195841 2.2286491125541112
0.13841475106214846 0.22831590909090907
0.12205948009663102 0.32477083333333184
0.056467668003459114 0.19364027777777648
1.4762494929131644 2.104292348484845
0.0005021961356314979 0.0018333333333333333
0.6042916597445069 1.1538680303030266
1.1957680773674644 3.1649170454545716
1.1516466490912152 2.661770328282821
0.4572106623771764 1.2187460101010115
1.0739908288827484 2.6190288239537853
0.9178001174137351 1.7187184343434283
1.7745897034577323 3.2524422979797833
0.7050325701850263 1.1925275252525243
0.68122204445748 1.3278840909090814
1.4971634627108668 3.6739165404040337
0.43002549270749346 1.2978845959595926
0.04408256815492513 0.2048333333333332
0.14575695163498778 0.4405210858585854
0.4924288534706699 0.9693430303030305
0.6780523403479533 1.3661976515151528
0.10036253266236685 0.42732500000000473
0.3062275810946288 0.5491859848484858
0.26141893645268005 0.8238479797979763
0.5896035679238754 1.1734305555555553
1.150417670719307 2.0734544696969466
0.17753808045711084 0.8454644696969599
0.3986993384532353 1.0028775252525226
0.07540400003035831 0.16595078282828282
1.0907120077252992 1.7002653138528143
1.2458750840102097 2.825706439393941
1.4481035802576248 2.5402971212121113
0.0003946220703824428 0.0007166666666666667
0.9978694810149882 1.9539307070707037
0.506541963251677 1.228095707070711
0.8459887241378569 2.1069037878787844
0.6661258207865732 1.2249740151515183
0.968864742005011 4.3762744444444355
1.438815200225101 2.5272047979798034
0.05016708233850965 0.16398194444444447
0.7446119942901922 1.6165544191919223
1.7848831645555887 2.5552598593073568
1.7453278261341671 3.761816540403963
0.4027076788889649 1.3164055555555432
0.15799676463205903 0.4818103535353546
3.6663667913292217 6.141701515151562
0.8183454525635548 0.9137978787878784
0.15221039933617747 0.6901087121212038
0.0033353395014096587 0.004575
0.6862951033351373 1.611905050505044
0.6388699716740202 1.3361881313131299
0.5644073138035435 0.7917311111111106
0.7819867888887087 1.758197222222224
0.3303714723176974 0.8625377525252521
1.3087206770315174 2.5541652525252387
0.28051239676329354 0.583727777777772
1.0636053549154463 2.247015025252523
0.7826651870502171 1.4230066161616053
0.7513509643794455 1.4667582070707088
0.3371414077846936 1.0584214646464598
0.20723602788404333 0.41939242424242296
0.10005119182292364 0.15191111111111105
0.0028284671320238613 0.0035222222222222217
0.7292803268783362 1.3889383838383853
