0.0023
0.014445454545454546
1.7460044191919093
2.033897146464642
1.8740524747474652
2.0585987373737265
0.5562332828282817
0.9156566919191925
1.4747939393939353
1.3516940656565612
1.5464751262626228
1.6558545815295829
1.0236255050505079
4.5016381313131255
0.8401114898989909
1.9751486363636295
0.27202696608946586
2.046431313131305
1.8969272474747356
0.004166666666666667
1.7409069805194723
2.0467321969696894
2.5030259090908946
3.6045457070707183
0.40586212121212045
3.212586262626245
4.96375277777806
1.901562601010093
0.002882828282828283
0.611886363636363
1.1782895202020192
1.3438026515151287
1.997830555555552
3.4484347222221987
0.648239646464646
1.2444133838383826
2.2286491125541112
0.22831590909090907
0.32477083333333184
0.19364027777777648
2.104292348484845
0.0018333333333333333
1.1538680303030266
3.1649170454545716
2.661770328282821
1.2187460101010115
2.6190288239537853
1.7187184343434283
3.2524422979797833
1.1925275252525243
1.3278840909090814
3.6739165404040337
1.2978845959595926
0.2048333333333332
0.4405210858585854
0.9693430303030305
1.3661976515151528
0.42732500000000473
0.5491859848484858
0.8238479797979763
1.1734305555555553
2.0734544696969466
0.8454644696969599
1.0028775252525226
0.16595078282828282
1.7002653138528143
2.825706439393941
2.5402971212121113
0.0007166666666666667
1.9539307070707037
1.228095707070711
2.1069037878787844
1.2249740151515183
4.3762744444444355
2.5272047979798034
0.16398194444444447
1.6165544191919223
2.5552598593073568
3.761816540403963
1.3164055555555432
0.4818103535353546
6.141701515151562
0.9137978787878784
0.6901087121212038
0.004575
1.611905050505044
1.3361881313131299
0.7917311111111106
1.758197222222224
0.8625377525252521
2.5541652525252387
0.583727777777772
2.247015025252523
1.4230066161616053
1.4667582070707088
1.0584214646464598
0.41939242424242296
0.15191111111111105
0.0035222222222222217
1.3889383838383853
0.0023
0.014445454545454546
2.818813131313139
4.008257979797863
4.184660450937953
3.2865079545453946
1.193204783549782
0.8803117424242418
1.5932455339105316
2.34859757215007
3.5020468939391565
3.9444188419912334
1.8865786688311663
4.502400782828314
2.68896663780666
3.598533430735926
0.2629553030303023
2.5794246212120844
4.052736287878657
0.004166666666666667
2.50232613636343
3.369611035353376
2.343119141414132
4.029291233766244
0.8866343181818317
4.6479810317460375
0.0023
0.014445454545454546
2.818813131313139
4.008257979797863
4.184660450937953
3.2865079545453946
1.193204783549782
0.8803117424242418
1.5932455339105316
2.34859757215007
3.5020468939391565
3.9444188419912334
1.8865786688311663
4.502400782828314
2.68896663780666
3.598533430735926
0.2629553030303023
2.5794246212120844
4.052736287878657
0.004166666666666667
2.50232613636343
3.369611035353376
0.0023
0.014445454545454546
2.818813131313139
4.008257979797863
4.184660450937953
3.2865079545453946
1.193204783549782
0.8803117424242418
1.5932455339105316
2.34859757215007
3.5020468939391565
3.9444188419912334
1.8865786688311663
4.502400782828314
2.68896663780666
3.598533430735926
0.2629553030303023
2.5794246212120844
4.052736287878657
0.004166666666666667
2.50232613636343
3.369611035353376
2.343119141414132
4.029291233766244
0.8866343181818317
4.6479810317460375
6.286553986292187
3.286425097402605
0.002882828282828283
0.6908805555555554
2.1775799242424103
2.4033154040403946
4.709968160173074
4.096259419191874
0.7382757575757585
2.082812247474736
3.0834419191918307
1.7127295959595936
0.3246268939393944
0.15289166666666615
4.255590281385144
0.0018333333333333333
0.0023
0.014445454545454546
2.818813131313139
4.008257979797863
4.184660450937953
3.2865079545453946
1.193204783549782
0.8803117424242418
1.5932455339105316
2.34859757215007
3.5020468939391565
3.9444188419912334
1.8865786688311663
4.502400782828314
2.68896663780666
3.598533430735926
0.2629553030303023
2.5794246212120844
4.052736287878657
0.004166666666666667
2.50232613636343
3.369611035353376
2.343119141414132
4.029291233766244
0.8866343181818317
